 [1]  1.0  1.1  1.2  1.3  1.4  1.5  1.6  1.7  1.8  1.9  2.0  2.1  2.2  2.3  2.4  2.5  2.6  2.7  2.8
[20]  2.9  3.0  3.1  3.2  3.3  3.4  3.5  3.6  3.7  3.8  3.9  4.0  4.1  4.2  4.3  4.4  4.5  4.6  4.7
[39]  4.8  4.9  5.0  5.1  5.2  5.3  5.4  5.5  5.6  5.7  5.8  5.9  6.0  6.1  6.2  6.3  6.4  6.5  6.6
[58]  6.7  6.8  6.9  7.0  7.1  7.2  7.3  7.4  7.5  7.6  7.7  7.8  7.9  8.0  8.1  8.2  8.3  8.4  8.5
[77]  8.6  8.7  8.8  8.9  9.0  9.1  9.2  9.3  9.4  9.5  9.6  9.7  9.8  9.9 10.0
 [1]    1.000    1.331    1.728    2.197    2.744    3.375    4.096    4.913    5.832    6.859
[11]    8.000    9.261   10.648   12.167   13.824   15.625   17.576   19.683   21.952   24.389
[21]   27.000   29.791   32.768   35.937   39.304   42.875   46.656   50.653   54.872   59.319
[31]   64.000   68.921   74.088   79.507   85.184   91.125   97.336  103.823  110.592  117.649
[41]  125.000  132.651  140.608  148.877  157.464  166.375  175.616  185.193  195.112  205.379
[51]  216.000  226.981  238.328  250.047  262.144  274.625  287.496  300.763  314.432  328.509
[61]  343.000  357.911  373.248  389.017  405.224  421.875  438.976  456.533  474.552  493.039
[71]  512.000  531.441  551.368  571.787  592.704  614.125  636.056  658.503  681.472  704.969
[81]  729.000  753.571  778.688  804.357  830.584  857.375  884.736  912.673  941.192  970.299
[91] 1000.000
 [1]   1.0   2.1   3.3   4.6   6.0   7.5   9.1  10.8  12.6  14.5  16.5  18.6  20.8  23.1  25.5
[16]  28.0  30.6  33.3  36.1  39.0  42.0  45.1  48.3  51.6  55.0  58.5  62.1  65.8  69.6  73.5
[31]  77.5  81.6  85.8  90.1  94.5  99.0 103.6 108.3 113.1 118.0 123.0 128.1 133.3 138.6 144.0
[46] 149.5 155.1 160.8 166.6 172.5 178.5 184.6 190.8 197.1 203.5 210.0 216.6 223.3 230.1 237.0
[61] 244.0 251.1 258.3 265.6 273.0 280.5 288.1 295.8 303.6 311.5 319.5 327.6 335.8 344.1 352.5
[76] 361.0 369.6 378.3 387.1 396.0 405.0 414.1 423.3 432.6 442.0 451.5 461.1 470.8 480.6 490.5
[91] 500.5
   Min. 1st Qu.  Median    Mean 3rd Qu.    Max. 
   1.00    3.25    5.50    5.50    7.75   10.00 
